image_width: 640
image_height: 240
camera_name: narrow_stereo/right
camera_matrix:
  rows: 3
  cols: 3
  data: [429.377839, 0.000000, 344.742810, 0.000000, 214.615810, 132.021543, 0.000000, 0.000000, 1.000000]
distortion_model: plumb_bob
distortion_coefficients:
  rows: 1
  cols: 5
  data: [-0.371042, 0.103192, -0.001763, -0.000693, 0.000000]
rectification_matrix:
  rows: 3
  cols: 3
  data: [0.992394, 0.000665, -0.123101, -0.001005, 0.999996, -0.002705, 0.123099, 0.002809, 0.992390]
projection_matrix:
  rows: 3
  cols: 4
  data: [113.846268, 0.000000, 319.510765, -20.483357, 0.000000, 113.846268, 119.911547, 0.000000, 0.000000, 0.000000, 1.000000, 0.000000]
