image_width: 1280
image_height: 720
camera_name: narrow_stereo/left
camera_matrix:
  rows: 3
  cols: 3
  data: [853.561200, 0.000000, 687.191472, 0.000000, 851.288647, 515.809301, 0.000000, 0.000000, 1.000000]
distortion_model: plumb_bob
distortion_coefficients:
  rows: 1
  cols: 5
  data: [-0.384699, 0.121737, 0.001196, 0.000389, 0.000000]
rectification_matrix:
  rows: 3
  cols: 3
  data: [0.980013, 0.027058, -0.197083, -0.026968, 0.999631, 0.003138, 0.197095, 0.002240, 0.980382]
projection_matrix:
  rows: 3
  cols: 4
  data: [831.694691, 0.000000, 967.016144, 0.000000, 0.000000, 831.694691, 526.317125, 0.000000, 0.000000, 0.000000, 1.000000, 0.000000]
