# oST version 5.0 parameters


[image]

width
1280

height
720

[narrow_stereo/left]

camera matrix
853.561200 0.000000 687.191472
0.000000 851.288647 515.809301
0.000000 0.000000 1.000000

distortion
-0.384699 0.121737 0.001196 0.000389 0.000000

rectification
0.980013 0.027058 -0.197083
-0.026968 0.999631 0.003138
0.197095 0.002240 0.980382

projection
831.694691 0.000000 967.016144 0.000000
0.000000 831.694691 526.317125 0.000000
0.000000 0.000000 1.000000 0.000000

# oST version 5.0 parameters


[image]

width
1280

height
720

[narrow_stereo/right]

camera matrix
864.774982 0.000000 678.262775
0.000000 863.203658 516.822968
0.000000 0.000000 1.000000

distortion
-0.381403 0.112954 0.000120 0.001954 0.000000

rectification
0.983103 0.028397 -0.180839
-0.028479 0.999592 0.002144
0.180826 0.003043 0.983510

projection
831.694691 0.000000 967.016144 -145.885539
0.000000 831.694691 526.317125 0.000000
0.000000 0.000000 1.000000 0.000000

