image_width: 1280
image_height: 720
camera_name: narrow_stereo/right
camera_matrix:
  rows: 3
  cols: 3
  data: [864.774982, 0.000000, 678.262775, 0.000000, 863.203658, 516.822968, 0.000000, 0.000000, 1.000000]
distortion_model: plumb_bob
distortion_coefficients:
  rows: 1
  cols: 5
  data: [-0.381403, 0.112954, 0.000120, 0.001954, 0.000000]
rectification_matrix:
  rows: 3
  cols: 3
  data: [0.983103, 0.028397, -0.180839, -0.028479, 0.999592, 0.002144, 0.180826, 0.003043, 0.983510]
projection_matrix:
  rows: 3
  cols: 4
  data: [831.694691, 0.000000, 967.016144, -145.885539, 0.000000, 831.694691, 526.317125, 0.000000, 0.000000, 0.000000, 1.000000, 0.000000]
