# oST version 5.0 parameters


[image]

width
2560

height
960

[narrow_stereo/left]

camera matrix
1692.606591 0.000000 1356.893084
0.000000 845.117887 516.396765
0.000000 0.000000 1.000000

distortion
-0.368646 0.106782 0.000070 0.000685 0.000000

rectification
0.997592 0.002456 -0.069306
-0.002230 0.999992 0.003337
0.069314 -0.003174 0.997590

projection
1574.784004 0.000000 1285.557640 0.000000
0.000000 1574.784004 481.720112 0.000000
0.000000 0.000000 1.000000 0.000000

# oST version 5.0 parameters


[image]

width
2560

height
960

[narrow_stereo/right]

camera matrix
1696.239313 0.000000 1363.773223
0.000000 848.653807 511.510958
0.000000 0.000000 1.000000

distortion
-0.355909 0.089595 0.000264 -0.001733 0.000000

rectification
0.999205 0.002890 -0.039761
-0.003019 0.999990 -0.003198
0.039751 0.003315 0.999204

projection
1574.784004 0.000000 1285.557640 -280.162415
0.000000 1574.784004 481.720112 0.000000
0.000000 0.000000 1.000000 0.000000

