image_width: 2560
image_height: 960
camera_name: narrow_stereo/left
camera_matrix:
  rows: 3
  cols: 3
  data: [1692.606591, 0.000000, 1356.893084, 0.000000, 845.117887, 516.396765, 0.000000, 0.000000, 1.000000]
distortion_model: plumb_bob
distortion_coefficients:
  rows: 1
  cols: 5
  data: [-0.368646, 0.106782, 0.000070, 0.000685, 0.000000]
rectification_matrix:
  rows: 3
  cols: 3
  data: [0.997592, 0.002456, -0.069306, -0.002230, 0.999992, 0.003337, 0.069314, -0.003174, 0.997590]
projection_matrix:
  rows: 3
  cols: 4
  data: [1574.784004, 0.000000, 1285.557640, 0.000000, 0.000000, 1574.784004, 481.720112, 0.000000, 0.000000, 0.000000, 1.000000, 0.000000]
