# oST version 5.0 parameters


[image]

width
640

height
240

[narrow_stereo/left]

camera matrix
423.978873 0.000000 342.118890
0.000000 211.745812 132.690029
0.000000 0.000000 1.000000

distortion
-0.386123 0.126203 -0.002654 0.000907 0.000000

rectification
0.987336 0.000757 -0.158641
-0.000317 0.999996 0.002796
0.158642 -0.002711 0.987332

projection
113.846268 0.000000 319.510765 0.000000
0.000000 113.846268 119.911547 0.000000
0.000000 0.000000 1.000000 0.000000

# oST version 5.0 parameters


[image]

width
640

height
240

[narrow_stereo/right]

camera matrix
429.377839 0.000000 344.742810
0.000000 214.615810 132.021543
0.000000 0.000000 1.000000

distortion
-0.371042 0.103192 -0.001763 -0.000693 0.000000

rectification
0.992394 0.000665 -0.123101
-0.001005 0.999996 -0.002705
0.123099 0.002809 0.992390

projection
113.846268 0.000000 319.510765 -20.483357
0.000000 113.846268 119.911547 0.000000
0.000000 0.000000 1.000000 0.000000

